              precision    recall  f1-score   support

           0       0.99      0.98      0.98       200
           1       0.99      0.99      0.99       200
           2       1.00      1.00      1.00       200
           3       0.99      1.00      0.99       200
           4       0.96      0.95      0.96       200
           5       1.00      0.99      0.99       200
           6       0.98      1.00      0.99       200
           7       1.00      0.97      0.99       200
           8       0.98      0.98      0.98       200
           9       1.00      1.00      1.00       200
          10       0.99      0.99      0.99       200
          11       1.00      1.00      1.00       200
          12       0.97      1.00      0.99       200
          13       0.99      0.97      0.98       200
          14       0.99      0.98      0.98       200
          15       1.00      1.00      1.00       200
          16       1.00      1.00      1.00       200
          17       0.99      0.99      0.99       200
          18       0.94      0.95      0.95       200
          19       0.96      0.95      0.96       200
          20       0.93      0.92      0.93       200
          21       0.94      0.94      0.94       200
          22       0.98      0.96      0.97       200
          23       0.94      0.97      0.95       200
          24       0.98      0.97      0.98       200
          25       1.00      0.99      1.00       200

    accuracy                           0.98      5200
   macro avg       0.98      0.98      0.98      5200
weighted avg       0.98      0.98      0.98      5200

Accuracy: 0.9802
Precision: 0.9803
Recall: 0.9802
F1_score: 0.9802
Rmse: 0.5623
Mae: 0.0604