              precision    recall  f1-score   support

           0       0.64      0.76      0.69       200
           1       0.71      0.77      0.74       200
           2       0.86      0.85      0.86       200
           3       0.75      0.77      0.76       200
           4       0.51      0.64      0.56       200
           5       0.78      0.74      0.76       200
           6       0.71      0.79      0.75       200
           7       0.82      0.80      0.81       200
           8       0.66      0.73      0.69       200
           9       0.89      0.89      0.89       200
          10       0.84      0.86      0.85       200
          11       0.91      0.78      0.84       200
          12       0.60      0.62      0.61       200
          13       0.70      0.34      0.46       200
          14       0.66      0.72      0.69       200
          15       0.88      0.70      0.78       200
          16       0.91      0.68      0.77       200
          17       0.78      0.65      0.70       200
          18       0.43      0.53      0.47       200
          19       0.72      0.51      0.60       200
          20       0.30      0.61      0.40       200
          21       0.60      0.65      0.62       200
          22       0.56      0.41      0.47       200
          23       0.52      0.49      0.51       200
          24       0.59      0.55      0.57       200
          25       0.97      0.77      0.85       200

    accuracy                           0.68      5200
   macro avg       0.70      0.68      0.68      5200
weighted avg       0.70      0.68      0.68      5200

Accuracy: 0.6769
Precision: 0.7036
Recall: 0.6769
F1_score: 0.6818
Rmse: 3.4547
Mae: 1.4117