              precision    recall  f1-score   support

           0       0.82      0.88      0.85       200
           1       0.83      0.53      0.64       200
           2       0.95      0.69      0.80       200
           3       0.77      0.70      0.73       200
           4       0.48      0.75      0.59       200
           5       0.94      0.84      0.89       200
           6       0.84      0.85      0.85       200
           7       0.99      0.81      0.89       200
           8       0.63      0.81      0.70       200
           9       0.83      0.95      0.89       200
          10       0.96      0.85      0.90       200
          11       0.80      0.78      0.79       200
          12       0.81      0.76      0.78       200
          13       0.69      0.61      0.65       200
          14       0.51      0.82      0.63       200
          15       0.93      0.86      0.90       200
          16       0.97      0.85      0.90       200
          17       0.85      0.71      0.78       200
          18       0.61      0.65      0.63       200
          19       0.57      0.62      0.59       200
          20       0.53      0.60      0.57       200
          21       0.72      0.64      0.68       200
          22       0.66      0.74      0.70       200
          23       0.51      0.66      0.57       200
          24       0.84      0.54      0.66       200
          25       0.89      0.63      0.74       200

    accuracy                           0.74      5200
   macro avg       0.77      0.74      0.74      5200
weighted avg       0.77      0.74      0.74      5200

Accuracy: 0.7369
Precision: 0.7654
Recall: 0.7369
F1_score: 0.7419
Rmse: 2.5917
Mae: 1.0598